(* Content-type: application/vnd.wolfram.mathematica *)

(*** Wolfram Notebook File ***)
(* http://www.wolfram.com/nb *)

(* CreatedBy='Mathematica 11.1' *)

(*CacheID: 234*)
(* Internal cache information:
NotebookFileLineBreakTest
NotebookFileLineBreakTest
NotebookDataPosition[       158,          7]
NotebookDataLength[     31803,        566]
NotebookOptionsPosition[     31300,        544]
NotebookOutlinePosition[     31677,        560]
CellTagsIndexPosition[     31634,        557]
WindowFrame->Normal*)

(* Beginning of Notebook Content *)
Notebook[{

Cell[CellGroupData[{
Cell[BoxData[{
 RowBox[{
  RowBox[{"header", " ", "=", " ", 
   RowBox[{"{", 
    RowBox[{
    "\"\<Barcelona\>\"", ",", "\"\<Belgrade\>\"", ",", "\"\<Berlin\>\"", ",", 
     "\"\<Brussels\>\"", ",", "\"\<Bucharest\>\"", ",", "\"\<Budapest\>\"", 
     ",", "\"\<Copenhagen\>\"", ",", "\"\<Dublin\>\"", ",", "\"\<Hamburg\>\"",
      ",", "\"\<Istanbul\>\"", ",", "\"\<Kiev\>\"", ",", "\"\<London\>\"", 
     ",", "\"\<Madrid\>\"", ",", "\"\<Milan\>\"", ",", "\"\<Moscow\>\"", ",", 
     "\"\<Munich\>\"", ",", "\"\<Paris\>\"", ",", "\"\<Prague\>\"", ",", 
     "\"\<Rome\>\"", ",", "\"\<Saint Petersburg\>\"", ",", "\"\<Sofia\>\"", 
     ",", "\"\<Stockholm\>\"", ",", "\"\<Vienna\>\"", ",", "\"\<Warsaw\>\""}],
     "}"}]}], ";"}], "\n", 
 RowBox[{
  RowBox[{
   RowBox[{"{", 
    RowBox[{
    "0", ",", "1528.13", ",", "1497.61", ",", "1062.89", ",", "1968.42", ",", 
     "1498.79", ",", "1757.54", ",", "1469.29", ",", "1471.78", ",", 
     "2230.42", ",", "2391.06", ",", "1137.67", ",", "504.64", ",", "725.12", 
     ",", "3006.93", ",", "1054.55", ",", "831.59", ",", "1353.90", ",", 
     "856.69", ",", "2813.02", ",", "1745.55", ",", "2276.51", ",", "1347.43",
      ",", "1862.33", ",", "1528.13", ",", "0", ",", "999.25", ",", "1372.59",
      ",", "447.34", ",", "316.41", ",", "1327.24", ",", "2145.39", ",", 
     "1229.93", ",", "809.48", ",", "976.02", ",", "1688.97", ",", "2026.94", 
     ",", "885.32", ",", "1710.99", ",", "773.33", ",", "1445.70", ",", 
     "738.10", ",", "721.55", ",", "1797.75", ",", "329.46", ",", "1620.96", 
     ",", "489.28", ",", "826.66", ",", "1497.61", ",", "999.25", ",", "0", 
     ",", "651.62", ",", "1293.40", ",", "689.06", ",", "354.03", ",", 
     "1315.16", ",", "254.51", ",", "1735.01", ",", "1204.00", ",", "929.97", 
     ",", "1867.69", ",", "840.72", ",", "1607.99", ",", "501.97", ",", 
     "876.96", ",", "280.34", ",", "1181.67", ",", "1319.62", ",", "1318.67", 
     ",", "810.38", ",", "523.61", ",", "516.06", ",", "1062.89", ",", 
     "1372.59", ",", "651.62", ",", "0", ",", "1769.69", ",", "1131.52", ",", 
     "766.67", ",", "773.20", ",", "489.76", ",", "2178.85", ",", "1836.20", 
     ",", "318.72", ",", "1314.30", ",", "696.61", ",", "2253.26", ",", 
     "601.87", ",", "261.29", ",", "721.08", ",", "1171.34", ",", "1903.66", 
     ",", "1697.83", ",", "1280.88", ",", "914.81", ",", "1159.85", ",", 
     "1968.42", ",", "447.34", ",", "1293.40", ",", "1769.69", ",", "0", ",", 
     "639.77", ",", "1571.54", ",", "2534.72", ",", "1544.17", ",", "445.62", 
     ",", "744.44", ",", "2088.42", ",", "2469.71", ",", "1331.46", ",", 
     "1497.56", ",", "1186.37", ",", "1869.95", ",", "1076.82", ",", 
     "1137.38", ",", "1740.39", ",", "296.68", ",", "1742.25", ",", "855.32", 
     ",", "946.12", ",", "1498.79", ",", "316.41", ",", "689.06", ",", 
     "1131.52", ",", "639.77", ",", "0", ",", "1011.31", ",", "1894.95", ",", 
     "927.92", ",", "1064.76", ",", "894.29", ",", "1450.12", ",", "1975.38", 
     ",", "788.56", ",", "1565.19", ",", "563.93", ",", "1247.61", ",", 
     "443.26", ",", "811.11", ",", "1556.51", ",", "629.63", ",", "1316.59", 
     ",", "216.98", ",", "545.29", ",", "1757.54", ",", "1327.24", ",", 
     "354.03", ",", "766.67", ",", "1571.54", ",", "1011.31", ",", "0", ",", 
     "1238.38", ",", "287.97", ",", "2017.17", ",", "1326.33", ",", "955.13", 
     ",", "2071.75", ",", "1157.89", ",", "1558.52", ",", "838.00", ",", 
     "1025.90", ",", "633.05", ",", "1529.69", ",", "1143.40", ",", "1635.54",
      ",", "521.68", ",", "868.87", ",", "667.80", ",", "1469.29", ",", 
     "2145.39", ",", "1315.16", ",", "773.20", ",", "2534.72", ",", "1894.95",
      ",", "1238.38", ",", "0", ",", "1073.36", ",", "2950.11", ",", 
     "2513.69", ",", "462.60", ",", "1449.96", ",", "1413.37", ",", "2792.41",
      ",", "1374.91", ",", "776.83", ",", "1465.61", ",", "1882.22", ",", 
     "2314.19", ",", "2471.02", ",", "1626.56", ",", "1680.00", ",", 
     "1823.72", ",", "1471.78", ",", "1229.93", ",", "254.51", ",", "489.76", 
     ",", "1544.17", ",", "927.92", ",", "287.97", ",", "1073.36", ",", "0", 
     ",", "1983.75", ",", "1440.34", ",", "720.12", ",", "1785.33", ",", 
     "900.01", ",", "1779.93", ",", "610.17", ",", "744.63", ",", "492.25", 
     ",", "1307.51", ",", "1414.16", ",", "1554.82", ",", "809.65", ",", 
     "742.79", ",", "750.49", ",", "2230.42", ",", "809.48", ",", "1735.01", 
     ",", "2178.85", ",", "445.62", ",", "1064.76", ",", "2017.17", ",", 
     "2950.11", ",", "1983.75", ",", "0", ",", "1052.95", ",", "2496.39", ",",
      "2734.60", ",", "1669.43", ",", "1753.97", ",", "1582.16", ",", 
     "2253.98", ",", "1507.55", ",", "1373.81", ",", "2099.29", ",", "502.61",
      ",", "2171.65", ",", "1273.88", ",", "1386.08", ",", "2391.06", ",", 
     "976.02", ",", "1204.00", ",", "1836.20", ",", "744.44", ",", "894.29", 
     ",", "1326.33", ",", "2513.69", ",", "1440.34", ",", "1052.95", ",", "0",
      ",", "2131.20", ",", "2859.32", ",", "1672.69", ",", "756.61", ",", 
     "1391.36", ",", "2022.76", ",", "1138.61", ",", "1673.74", ",", 
     "1051.39", ",", "1020.76", ",", "1265.79", ",", "1052.76", ",", "690.12",
      ",", "1137.67", ",", "1688.97", ",", "929.97", ",", "318.72", ",", 
     "2088.42", ",", "1450.12", ",", "955.13", ",", "462.60", ",", "720.12", 
     ",", "2496.39", ",", "2131.20", ",", "0", ",", "1263.37", ",", "957.91", 
     ",", "2498.32", ",", "916.23", ",", "340.55", ",", "1034.57", ",", 
     "1431.21", ",", "2093.69", ",", "2012.70", ",", "1431.07", ",", 
     "1233.48", ",", "1445.85", ",", "504.64", ",", "2026.94", ",", "1867.69",
      ",", "1314.30", ",", "2469.71", ",", "1975.38", ",", "2071.75", ",", 
     "1449.96", ",", "1785.33", ",", "2734.60", ",", "2859.32", ",", 
     "1263.37", ",", "0", ",", "1187.73", ",", "3437.70", ",", "1484.53", ",",
      "1053.40", ",", "1773.73", ",", "1360.80", ",", "3183.43", ",", 
     "2250.10", ",", "2591.53", ",", "1807.09", ",", "2288.42", ",", "725.12",
      ",", "885.32", ",", "840.72", ",", "696.61", ",", "1331.46", ",", 
     "788.56", ",", "1157.89", ",", "1413.37", ",", "900.01", ",", "1669.43", 
     ",", "1672.69", ",", "957.91", ",", "1187.73", ",", "0", ",", "2283.19", 
     ",", "348.89", ",", "641.31", ",", "646.04", ",", "476.00", ",", 
     "2122.15", ",", "1166.83", ",", "1650.12", ",", "623.36", ",", "1143.01",
      ",", "3006.93", ",", "1710.99", ",", "1607.99", ",", "2253.26", ",", 
     "1497.56", ",", "1565.19", ",", "1558.52", ",", "2792.41", ",", 
     "1779.93", ",", "1753.97", ",", "756.61", ",", "2498.32", ",", "3437.70",
      ",", "2283.19", ",", "0", ",", "1957.15", ",", "2484.92", ",", 
     "1664.04", ",", "2374.26", ",", "632.59", ",", "1777.35", ",", "1227.38",
      ",", "1669.22", ",", "1149.41", ",", "1054.55", ",", "773.33", ",", 
     "501.97", ",", "601.87", ",", "1186.37", ",", "563.93", ",", "838.00", 
     ",", "1374.91", ",", "610.17", ",", "1582.16", ",", "1391.36", ",", 
     "916.23", ",", "1484.53", ",", "348.89", ",", "1957.15", ",", "0", ",", 
     "685.14", ",", "300.16", ",", "698.04", ",", "1773.83", ",", "1096.54", 
     ",", "1311.80", ",", "354.42", ",", "809.02", ",", "831.59", ",", 
     "1445.70", ",", "876.96", ",", "261.29", ",", "1869.95", ",", "1247.61", 
     ",", "1025.90", ",", "776.83", ",", "744.63", ",", "2253.98", ",", 
     "2022.76", ",", "340.55", ",", "1053.40", ",", "641.31", ",", "2484.92", 
     ",", "685.14", ",", "0", ",", "885.38", ",", "1105.76", ",", "2157.99", 
     ",", "1758.03", ",", "1541.83", ",", "1033.73", ",", "1365.91", ",", 
     "1353.90", ",", "738.10", ",", "280.34", ",", "721.08", ",", "1076.82", 
     ",", "443.26", ",", "633.05", ",", "1465.61", ",", "492.25", ",", 
     "1507.55", ",", "1138.61", ",", "1034.57", ",", "1773.73", ",", "646.04",
      ",", "1664.04", ",", "300.16", ",", "885.38", ",", "0", ",", "922.00", 
     ",", "1476.73", ",", "1064.43", ",", "1052.85", ",", "250.71", ",", 
     "514.69", ",", "856.69", ",", "721.55", ",", "1181.67", ",", "1171.34", 
     ",", "1137.38", ",", "811.11", ",", "1529.69", ",", "1882.22", ",", 
     "1307.51", ",", "1373.81", ",", "1673.74", ",", "1431.21", ",", 
     "1360.80", ",", "476.00", ",", "2374.26", ",", "698.04", ",", "1105.76", 
     ",", "922.00", ",", "0", ",", "2339.22", ",", "894.06", ",", "1974.79", 
     ",", "763.26", ",", "1316.24", ",", "2813.02", ",", "1797.75", ",", 
     "1319.62", ",", "1903.66", ",", "1740.39", ",", "1556.51", ",", 
     "1143.40", ",", "2314.19", ",", "1414.16", ",", "2099.29", ",", 
     "1051.39", ",", "2093.69", ",", "3183.43", ",", "2122.15", ",", "632.59",
      ",", "1773.83", ",", "2157.99", ",", "1476.73", ",", "2339.22", ",", 
     "0", ",", "1969.82", ",", "688.33", ",", "1577.56", ",", "1023.41", ",", 
     "1745.55", ",", "329.46", ",", "1318.67", ",", "1697.83", ",", "296.68", 
     ",", "629.63", ",", "1635.54", ",", "2471.02", ",", "1554.82", ",", 
     "502.61", ",", "1020.76", ",", "2012.70", ",", "2250.10", ",", "1166.83",
      ",", "1777.35", ",", "1096.54", ",", "1758.03", ",", "1064.43", ",", 
     "894.06", ",", "1969.82", ",", "0", ",", "1884.91", ",", "817.45", ",", 
     "1076.99", ",", "2276.51", ",", "1620.96", ",", "810.38", ",", "1280.88",
      ",", "1742.25", ",", "1316.59", ",", "521.68", ",", "1626.56", ",", 
     "809.65", ",", "2171.65", ",", "1265.79", ",", "1431.07", ",", "2591.53",
      ",", "1650.12", ",", "1227.38", ",", "1311.80", ",", "1541.83", ",", 
     "1052.85", ",", "1974.79", ",", "688.33", ",", "1884.91", ",", "0", ",", 
     "1241.90", ",", "808.14", ",", "1347.43", ",", "489.28", ",", "523.61", 
     ",", "914.81", ",", "855.32", ",", "216.98", ",", "868.87", ",", 
     "1680.00", ",", "742.79", ",", "1273.88", ",", "1052.76", ",", "1233.48",
      ",", "1807.09", ",", "623.36", ",", "1669.22", ",", "354.42", ",", 
     "1033.73", ",", "250.71", ",", "763.26", ",", "1577.56", ",", "817.45", 
     ",", "1241.90", ",", "0", ",", "557.43", ",", "1862.33", ",", "826.66", 
     ",", "516.06", ",", "1159.85", ",", "946.12", ",", "545.29", ",", 
     "667.80", ",", "1823.72", ",", "750.49", ",", "1386.08", ",", "690.12", 
     ",", "1445.85", ",", "2288.42", ",", "1143.01", ",", "1149.41", ",", 
     "809.02", ",", "1365.91", ",", "514.69", ",", "1316.24", ",", "1023.41", 
     ",", "1076.99", ",", "808.14", ",", "557.43", ",", "0"}], "}"}], ";"}], 
  "\[IndentingNewLine]"}], "\[IndentingNewLine]", 
 RowBox[{
  RowBox[{
   RowBox[{"matrix", " ", "=", " ", 
    RowBox[{"Partition", "[", 
     RowBox[{"%", ",", " ", 
      RowBox[{"Length", "[", "header", "]"}]}], "]"}]}], ";"}], 
  "\[IndentingNewLine]"}], "\[IndentingNewLine]", 
 RowBox[{
  RowBox[{"basic", "=", 
   RowBox[{"Range", "[", 
    RowBox[{"1", ",", 
     RowBox[{"Length", "[", "header", "]"}], ",", "1"}], "]"}]}], 
  ";"}], "\[IndentingNewLine]", 
 RowBox[{
  RowBox[{"random", "=", 
   RowBox[{"RandomSample", "[", "basic", "]"}]}], 
  ";"}], "\[IndentingNewLine]", 
 RowBox[{
  RowBox[{"perm", "=", "random"}], ";"}], "\[IndentingNewLine]", 
 RowBox[{
  RowBox[{"optimaldistance", "=", "0"}], ";"}], "\[IndentingNewLine]", 
 RowBox[{
  RowBox[{"For", "[", 
   RowBox[{
    RowBox[{"j", "=", "1"}], ",", 
    RowBox[{"j", "<", 
     RowBox[{"(", 
      RowBox[{"Length", "[", "random", "]"}], ")"}]}], ",", 
    RowBox[{"j", "++"}], ",", "\[IndentingNewLine]", 
    RowBox[{"optimaldistance", "=", 
     RowBox[{"optimaldistance", "+", 
      RowBox[{"matrix", "[", 
       RowBox[{"[", 
        RowBox[{
         RowBox[{"random", "[", 
          RowBox[{"[", "j", "]"}], "]"}], ",", 
         RowBox[{"random", "[", 
          RowBox[{"[", 
           RowBox[{"j", "+", "1"}], "]"}], "]"}]}], "]"}], "]"}]}]}]}], "]"}],
   ";"}], "\[IndentingNewLine]", 
 RowBox[{
  RowBox[{"optimaldistance", "=", 
   RowBox[{"optimaldistance", "+", 
    RowBox[{"matrix", "[", 
     RowBox[{"[", 
      RowBox[{
       RowBox[{"random", "[", 
        RowBox[{"[", 
         RowBox[{"Length", "[", "random", "]"}], "]"}], "]"}], ",", "1"}], 
      "]"}], "]"}]}]}], ";"}], "\[IndentingNewLine]", 
 RowBox[{
  RowBox[{"iterations", "=", "0"}], ";"}], "\[IndentingNewLine]", 
 RowBox[{
  RowBox[{
   RowBox[{"maxiterations", "=", "Infinity"}], ";"}], "\[IndentingNewLine]", 
  "\[IndentingNewLine]"}], "\[IndentingNewLine]", 
 RowBox[{
  RowBox[{
   RowBox[{"While", "[", 
    RowBox[{
     RowBox[{"iterations", "<", "maxiterations"}], ",", "\[IndentingNewLine]", 
     RowBox[{
      RowBox[{"list", "=", 
       RowBox[{"List", "[", "]"}]}], ";", "\[IndentingNewLine]", 
      RowBox[{"For", "[", 
       RowBox[{
        RowBox[{"i", "=", "1"}], ",", 
        RowBox[{"i", "\[LessEqual]", 
         RowBox[{"Length", "[", "header", "]"}]}], ",", 
        RowBox[{"i", "++"}], ",", "\[IndentingNewLine]", 
        RowBox[{"For", "[", 
         RowBox[{
          RowBox[{"j", "=", "1"}], ",", 
          RowBox[{"j", "<", "i"}], ",", 
          RowBox[{"j", "++"}], ",", "\[IndentingNewLine]", 
          RowBox[{
           RowBox[{"newperm", "=", "perm"}], ";", "\[IndentingNewLine]", 
           RowBox[{"a", "=", 
            RowBox[{"newperm", "[", 
             RowBox[{"[", "i", "]"}], "]"}]}], ";", "\[IndentingNewLine]", 
           RowBox[{
            RowBox[{"newperm", "[", 
             RowBox[{"[", "i", "]"}], "]"}], "=", 
            RowBox[{"newperm", "[", 
             RowBox[{"[", "j", "]"}], "]"}]}], ";", "\[IndentingNewLine]", 
           RowBox[{
            RowBox[{"newperm", "[", 
             RowBox[{"[", "j", "]"}], "]"}], "=", "a"}], ";", 
           "\[IndentingNewLine]", 
           RowBox[{"AppendTo", "[", 
            RowBox[{"list", ",", "newperm"}], "]"}]}]}], "]"}]}], "]"}], ";", 
      "\[IndentingNewLine]", "\[IndentingNewLine]", 
      RowBox[{"value", "=", 
       RowBox[{"List", "[", "]"}]}], ";", "\[IndentingNewLine]", 
      RowBox[{"dim", "=", 
       RowBox[{"Dimensions", "[", "list", "]"}]}], ";", "\[IndentingNewLine]", 
      RowBox[{"z", "=", 
       RowBox[{"First", "[", "dim", "]"}]}], ";", "\[IndentingNewLine]", 
      RowBox[{"For", "[", 
       RowBox[{
        RowBox[{"a", "=", "1"}], ",", 
        RowBox[{"a", "\[LessEqual]", "z"}], ",", 
        RowBox[{"a", "++"}], ",", "\[IndentingNewLine]", 
        RowBox[{
         RowBox[{"rij", "=", 
          RowBox[{"list", "[", 
           RowBox[{"[", "a", "]"}], "]"}]}], ";", "\[IndentingNewLine]", 
         RowBox[{"distance", "=", "0"}], ";", "\[IndentingNewLine]", 
         RowBox[{"For", "[", 
          RowBox[{
           RowBox[{"j", "=", "1"}], ",", 
           RowBox[{"j", "<", 
            RowBox[{"(", 
             RowBox[{"Length", "[", "rij", "]"}], ")"}]}], ",", 
           RowBox[{"j", "++"}], ",", "\[IndentingNewLine]", 
           RowBox[{"distance", "=", 
            RowBox[{"distance", "+", 
             RowBox[{"matrix", "[", 
              RowBox[{"[", 
               RowBox[{
                RowBox[{"rij", "[", 
                 RowBox[{"[", "j", "]"}], "]"}], ",", 
                RowBox[{"rij", "[", 
                 RowBox[{"[", 
                  RowBox[{"j", "+", "1"}], "]"}], "]"}]}], "]"}], "]"}]}]}]}],
           "]"}], ";", "\[IndentingNewLine]", 
         RowBox[{"distance", "=", 
          RowBox[{"distance", "+", 
           RowBox[{"matrix", "[", 
            RowBox[{"[", 
             RowBox[{
              RowBox[{"rij", "[", 
               RowBox[{"[", 
                RowBox[{"Length", "[", "rij", "]"}], "]"}], "]"}], ",", "1"}],
              "]"}], "]"}]}]}], ";", "\[IndentingNewLine]", 
         RowBox[{"AppendTo", "[", 
          RowBox[{"value", ",", "distance"}], "]"}]}]}], "]"}], ";", 
      "\[IndentingNewLine]", "\[IndentingNewLine]", 
      RowBox[{"bestoption", "=", 
       RowBox[{"Min", "[", "value", "]"}]}], ";", "\[IndentingNewLine]", 
      "\[IndentingNewLine]", 
      RowBox[{"bestroute", "=", 
       RowBox[{"list", "[", 
        RowBox[{"[", 
         RowBox[{"Flatten", "[", 
          RowBox[{"Position", "[", 
           RowBox[{"value", ",", 
            RowBox[{"Min", "[", "value", "]"}]}], "]"}], "]"}], "]"}], 
        "]"}]}], ";", "\[IndentingNewLine]", 
      RowBox[{"iterations", "=", 
       RowBox[{"iterations", "+", "1"}]}], ";", "\[IndentingNewLine]", 
      RowBox[{"If", "[", 
       RowBox[{
        RowBox[{"bestoption", "<", "optimaldistance"}], ",", 
        RowBox[{
         RowBox[{"optimaldistance", "=", "bestoption"}], ";", 
         RowBox[{"perm", "=", 
          RowBox[{"Flatten", "[", "bestroute", "]"}]}]}], ",", 
        RowBox[{
         RowBox[{"Print", "[", "perm", "]"}], ";", 
         RowBox[{"Print", "[", "optimaldistance", "]"}], ";", 
         RowBox[{"Print", "[", "iterations", "]"}], ";", 
         RowBox[{"iterations", "=", "maxiterations"}]}]}], "]"}]}]}], "]"}], 
   ";"}], "\[IndentingNewLine]", "\[IndentingNewLine]", "\[IndentingNewLine]",
   "\[IndentingNewLine]", "\[IndentingNewLine]", "\[IndentingNewLine]", 
  "\[IndentingNewLine]", "\[IndentingNewLine]", "\[IndentingNewLine]", 
  "\[IndentingNewLine]", "\[IndentingNewLine]", "\[IndentingNewLine]", 
  "\[IndentingNewLine]", "\[IndentingNewLine]", "\[IndentingNewLine]", " ", 
  "\[IndentingNewLine]", "\[IndentingNewLine]", 
  "\[IndentingNewLine]"}], "\[IndentingNewLine]"}], "Input",
 CellChangeTimes->{{3.720366350808114*^9, 3.720366362696158*^9}, {
   3.720366490120295*^9, 3.720366626664761*^9}, {3.720366684707828*^9, 
   3.720366699914402*^9}, {3.7203668168742323`*^9, 3.7203668529206057`*^9}, {
   3.720366911833229*^9, 3.720366991609702*^9}, {3.720367052009*^9, 
   3.7203670863842297`*^9}, {3.720367133142095*^9, 3.7203671363930473`*^9}, {
   3.720367170582676*^9, 3.720367192679516*^9}, {3.7203673081570663`*^9, 
   3.720367361054696*^9}, {3.7203673922096*^9, 3.720367398442028*^9}, {
   3.720367439974743*^9, 3.720367444626897*^9}, {3.720367501502015*^9, 
   3.720367506645439*^9}, {3.720367599219739*^9, 3.7203676935673656`*^9}, {
   3.720367932571829*^9, 3.720367951179377*^9}, {3.720368153606593*^9, 
   3.720368196409445*^9}, {3.720368445628293*^9, 3.720368540017152*^9}, 
   3.720368616145204*^9, {3.720368658927977*^9, 3.720368668511447*^9}, {
   3.72036870015444*^9, 3.72036878186141*^9}, {3.720369093711138*^9, 
   3.7203691063927517`*^9}, {3.720369165658016*^9, 3.720369221676032*^9}, {
   3.720369278871025*^9, 3.720369303008217*^9}, {3.7203693700844183`*^9, 
   3.720369379171912*^9}, {3.720369435703947*^9, 3.720369506386676*^9}, {
   3.72036953662945*^9, 3.7203696218242598`*^9}, {3.720369679733445*^9, 
   3.720369710556916*^9}, {3.720369745030768*^9, 3.720369895366343*^9}, {
   3.720369945024974*^9, 3.720369984699119*^9}, {3.720370057838593*^9, 
   3.7203701211544952`*^9}, {3.720370170196512*^9, 3.720370290874865*^9}, {
   3.7204219594884787`*^9, 3.72042211917435*^9}, {3.720422154673155*^9, 
   3.7204222292923727`*^9}, {3.720422266358239*^9, 3.720422295223168*^9}, {
   3.720422332475677*^9, 3.72042236266672*^9}, {3.7204223990369587`*^9, 
   3.720422400127874*^9}, {3.720422435878304*^9, 3.720422457567404*^9}, {
   3.7204224897550097`*^9, 3.7204224914011383`*^9}, {3.7204225238685827`*^9, 
   3.720422721718398*^9}, {3.7204228538441143`*^9, 3.720422899085843*^9}, {
   3.720422935730812*^9, 3.720423119184618*^9}, {3.7204232354229317`*^9, 
   3.720423405751663*^9}, 3.7204235271052923`*^9, {3.720423557893415*^9, 
   3.720423578289032*^9}, {3.720423609497645*^9, 3.720423685882111*^9}, {
   3.7204305000874977`*^9, 3.720430500870105*^9}, 3.720431063358192*^9, {
   3.720623841095064*^9, 3.7206239051751766`*^9}, {3.72062394298993*^9, 
   3.7206240264650197`*^9}, {3.7206241695953064`*^9, 
   3.7206242110760427`*^9}, {3.720624350575287*^9, 3.720624428637379*^9}, 
   3.720624486821986*^9, {3.720624541032488*^9, 3.7206245867330046`*^9}, {
   3.7206247147569313`*^9, 3.720624826028801*^9}, {3.7206248615250635`*^9, 
   3.7206248669085956`*^9}, {3.7206249450257874`*^9, 3.720625116033177*^9}, {
   3.720625162654641*^9, 3.7206251840769434`*^9}, {3.7206252641759167`*^9, 
   3.7206252931045713`*^9}, {3.7206254240844603`*^9, 
   3.7206254339881444`*^9}, {3.7206254712227707`*^9, 3.720625523862192*^9}, {
   3.7206255642625875`*^9, 3.720625620195093*^9}, {3.720625715088155*^9, 
   3.720625792890999*^9}, {3.7206702453060102`*^9, 3.7206703733111305`*^9}, {
   3.7206704699830475`*^9, 3.720670505140324*^9}, {3.7206706454907885`*^9, 
   3.720670725717635*^9}, {3.7206707829735155`*^9, 3.720670855109522*^9}, 
   3.7206712251384478`*^9, {3.72067126533346*^9, 3.7206713550107117`*^9}, {
   3.7206714163255296`*^9, 3.720671422754304*^9}, {3.720671456003498*^9, 
   3.720671461202177*^9}, {3.7206715114901514`*^9, 3.7206715802192764`*^9}, {
   3.720671621214635*^9, 3.7206717001227455`*^9}, {3.7206721280685806`*^9, 
   3.7206721345872955`*^9}, {3.720672284044855*^9, 3.720672328258673*^9}, {
   3.7206724578973403`*^9, 3.7206725044253263`*^9}, {3.7206726580910873`*^9, 
   3.720672705583381*^9}, {3.7206727569130297`*^9, 3.7206727739431925`*^9}, {
   3.7206728831771393`*^9, 3.7206728891386585`*^9}, {3.7206729320324755`*^9, 
   3.720672933620755*^9}, {3.720673129810948*^9, 3.7206731583486757`*^9}, 
   3.720673267709175*^9, {3.720673319340223*^9, 3.720673374520062*^9}, 
   3.72067365513605*^9, {3.720675299684183*^9, 3.720675309718275*^9}, {
   3.721038108939172*^9, 3.721038116107357*^9}, {3.7210382022711296`*^9, 
   3.721038311744219*^9}, {3.7210389659744906`*^9, 3.721039032443516*^9}, {
   3.72103906836652*^9, 3.7210390890692463`*^9}, {3.7210392147318907`*^9, 
   3.7210392195218477`*^9}, {3.721039870829511*^9, 3.721039921445636*^9}, {
   3.7210399871651473`*^9, 3.7210400144006443`*^9}, 3.7210400707202306`*^9, {
   3.7210401376136084`*^9, 3.7210401729862423`*^9}, {3.7210402175969067`*^9, 
   3.7210402212205343`*^9}, {3.7210402597104163`*^9, 3.721040261613799*^9}, {
   3.721040355000574*^9, 3.721040360708725*^9}, {3.7210404476806297`*^9, 
   3.7210405140395565`*^9}, 3.7210407120765743`*^9, {3.721040763594201*^9, 
   3.7210407816970043`*^9}, {3.721040919488375*^9, 3.721040958011339*^9}, {
   3.7210410066235447`*^9, 3.72104100918439*^9}, {3.7210411054187274`*^9, 
   3.721041162678481*^9}, {3.721041252949686*^9, 3.7210412563346076`*^9}, {
   3.7210413459192524`*^9, 3.7210413601279917`*^9}, {3.7210414256028433`*^9, 
   3.7210415171859922`*^9}, 3.7210415691758986`*^9, {3.721041608690848*^9, 
   3.7210417135831556`*^9}, {3.7210418641978436`*^9, 3.721041866938876*^9}, {
   3.7210419214574594`*^9, 3.721042102370971*^9}, {3.7210421672166986`*^9, 
   3.7210421987490005`*^9}, {3.7210422441724567`*^9, 3.721042346346868*^9}, 
   3.721058755757129*^9, {3.7210588901203394`*^9, 3.721058980965227*^9}, {
   3.721059014490305*^9, 3.7210590598356323`*^9}, {3.721059619803614*^9, 
   3.721059633538472*^9}, 3.721059669554126*^9, {3.7210597246889925`*^9, 
   3.721059747918544*^9}, {3.7210597943888793`*^9, 3.7210598003776684`*^9}, {
   3.7210599353391886`*^9, 3.7210599485331135`*^9}, {3.721060028681408*^9, 
   3.7210600596348104`*^9}, {3.7210600995445757`*^9, 3.7210601983499126`*^9}, 
   3.7210614206938934`*^9, {3.721062086771738*^9, 3.7210620873654795`*^9}, {
   3.7210623435968056`*^9, 3.721062407881117*^9}, {3.721062445307126*^9, 
   3.7210624949123907`*^9}, {3.7210627233471003`*^9, 3.721062726247056*^9}, {
   3.721062908577283*^9, 3.721062929708495*^9}, 3.7210629604918222`*^9, {
   3.7210629931992016`*^9, 3.721062999864863*^9}, {3.7210987124548025`*^9, 
   3.721098750782941*^9}, {3.721098780845436*^9, 3.721098861542778*^9}, {
   3.7210990139624295`*^9, 3.7210990571647835`*^9}, {3.721099111118908*^9, 
   3.7210991319962626`*^9}, {3.7210992488663807`*^9, 3.721099252228198*^9}, {
   3.721099441050758*^9, 3.721099452704405*^9}, {3.7210995134937844`*^9, 
   3.721099516398945*^9}, {3.7211093590751643`*^9, 3.7211093761346507`*^9}, {
   3.721109417843275*^9, 3.721109454354289*^9}, {3.7211095451030827`*^9, 
   3.7211096174984035`*^9}, {3.721123910056399*^9, 3.721123949991025*^9}, {
   3.7211395636071978`*^9, 3.7211395670596304`*^9}, {3.7211398555762677`*^9, 
   3.7211398947929506`*^9}, {3.721139987569085*^9, 3.721140037487636*^9}, {
   3.7211401084311137`*^9, 3.721140111211776*^9}, {3.721140160426044*^9, 
   3.7211402070835576`*^9}, {3.721140314256928*^9, 3.721140327208887*^9}, {
   3.7211406349607334`*^9, 3.7211407664878287`*^9}, {3.721140864160473*^9, 
   3.7211409420921144`*^9}, {3.7211409911560698`*^9, 
   3.7211410249841604`*^9}, {3.7211413283152905`*^9, 
   3.7211413609127717`*^9}, {3.7211415186963363`*^9, 3.721141518956368*^9}, {
   3.721141612178541*^9, 3.7211416130796585`*^9}, {3.7211416628046875`*^9, 
   3.721141663922865*^9}, {3.7211417468320494`*^9, 3.7211417735693407`*^9}, {
   3.721141805578679*^9, 3.72114180980221*^9}, {3.7211420052756624`*^9, 
   3.721142018687972*^9}, {3.7211421162407827`*^9, 3.721142135227716*^9}, {
   3.7211421899314613`*^9, 3.721142194220542*^9}, {3.7211422965152445`*^9, 
   3.7211423796235*^9}, {3.7211425247340555`*^9, 3.7211425759857635`*^9}, {
   3.721142737733203*^9, 3.721142742395786*^9}, {3.721142790718966*^9, 
   3.721142796828231*^9}, 3.721142844188861*^9, 3.7211428774271717`*^9, {
   3.721142934673543*^9, 3.7211429968995485`*^9}, {3.721143049617076*^9, 
   3.721143105423851*^9}, {3.7211431759726686`*^9, 3.7211432275722785`*^9}, {
   3.7211432714360323`*^9, 3.721143271926094*^9}, {3.7211433614196634`*^9, 
   3.7211433972362347`*^9}, {3.7211434414876804`*^9, 
   3.7211434448811064`*^9}, {3.721143588964695*^9, 3.7211436850445895`*^9}, {
   3.721143716063512*^9, 3.7211437213412027`*^9}, {3.721143888721589*^9, 
   3.7211439319065614`*^9}, 3.721143967712126*^9, {3.721144085270497*^9, 
   3.7211441668687687`*^9}, {3.7211442567858653`*^9, 
   3.7211443009911046`*^9}, {3.7211443361068473`*^9, 3.721144361445609*^9}, {
   3.721144484235404*^9, 3.721144486537692*^9}, {3.721144533515971*^9, 
   3.7211445870699177`*^9}, {3.7211446755619273`*^9, 
   3.7211446794849195`*^9}, {3.721145917301741*^9, 3.721145940140628*^9}, {
   3.7211460366011505`*^9, 3.721146047329516*^9}, {3.721146123646598*^9, 
   3.7211461315816116`*^9}, {3.7211462597836337`*^9, 
   3.7211463368735676`*^9}, {3.721146424847271*^9, 3.721146438446052*^9}, 
   3.7212312125173755`*^9, 3.7212327148770976`*^9, {3.721233031667317*^9, 
   3.721233118864862*^9}, {3.7212331568272777`*^9, 3.7212331593254848`*^9}, {
   3.7212332537454157`*^9, 3.7212332761851006`*^9}, {3.721233385199524*^9, 
   3.721233661745553*^9}, {3.7212337027953777`*^9, 3.7212337100813155`*^9}, {
   3.7212337675304003`*^9, 3.721233789261009*^9}, {3.721233861440836*^9, 
   3.7212339210332346`*^9}, {3.7212339548738756`*^9, 3.721234014165544*^9}, {
   3.721234060873109*^9, 3.7212340647893147`*^9}, {3.7212341133460073`*^9, 
   3.721234130809666*^9}, {3.7212341611203413`*^9, 3.721234433901639*^9}, {
   3.721234509167696*^9, 3.7212345860657496`*^9}, {3.7212346663783083`*^9, 
   3.721234679818089*^9}, {3.7212347141026855`*^9, 3.7212347597125044`*^9}, {
   3.721234793009672*^9, 3.721234912731491*^9}, {3.721234948096908*^9, 
   3.7212350651844916`*^9}, {3.721235099530638*^9, 3.721235102968548*^9}, {
   3.7212351636166105`*^9, 3.721235276334446*^9}, {3.721235318615413*^9, 
   3.7212353775466204`*^9}, {3.7212354844376483`*^9, 
   3.7212356427007213`*^9}, {3.721235686636444*^9, 3.7212357054019737`*^9}, {
   3.721235740293377*^9, 3.721235918820161*^9}, {3.7212359581641846`*^9, 
   3.72123614432788*^9}, {3.7212361983761463`*^9, 3.721236414628316*^9}, {
   3.721236493278*^9, 3.721236587622768*^9}, {3.721236839908843*^9, 
   3.7212371538747187`*^9}, {3.7212371959996758`*^9, 3.721237198371909*^9}, {
   3.7212372862088747`*^9, 3.7212373377339554`*^9}, {3.721237454174344*^9, 
   3.72123747983432*^9}, 3.721237519960194*^9, {3.7212375610447054`*^9, 
   3.7212375796368327`*^9}, {3.7212376503159056`*^9, 
   3.7212376833155565`*^9}, {3.7212377375649896`*^9, 3.721237739613803*^9}, 
   3.721237804174706*^9, 3.721237854278266*^9, {3.721238115099641*^9, 
   3.7212383201070614`*^9}, {3.721238383121374*^9, 3.7212387567813354`*^9}, {
   3.7212388471594124`*^9, 3.7212388859115458`*^9}, {3.721238921850264*^9, 
   3.721238929646946*^9}},
 ExpressionUUID -> "b4811968-089b-4441-9543-6ea4e48698ef"],

Cell[CellGroupData[{

Cell[BoxData[
 RowBox[{"{", 
  RowBox[{
  "3", ",", "9", ",", "7", ",", "22", ",", "20", ",", "15", ",", "11", ",", 
   "24", ",", "18", ",", "16", ",", "14", ",", "19", ",", "2", ",", "21", ",",
    "10", ",", "5", ",", "6", ",", "23", ",", "4", ",", "17", ",", "12", ",", 
   "8", ",", "13", ",", "1"}], "}"}]], "Print",
 CellChangeTimes->{{3.7212386938594723`*^9, 3.721238712652857*^9}, {
  3.721238749525117*^9, 3.7212387603439946`*^9}, {3.721238866409668*^9, 
  3.7212388910981784`*^9}, {3.721238933851102*^9, 3.721238950963324*^9}}],

Cell[BoxData["12261.39`"], "Print",
 CellChangeTimes->{{3.7212386938594723`*^9, 3.721238712652857*^9}, {
  3.721238749525117*^9, 3.7212387603439946`*^9}, {3.721238866409668*^9, 
  3.7212388910981784`*^9}, {3.721238933851102*^9, 3.721238950963324*^9}}],

Cell[BoxData["20"], "Print",
 CellChangeTimes->{{3.7212386938594723`*^9, 3.721238712652857*^9}, {
  3.721238749525117*^9, 3.7212387603439946`*^9}, {3.721238866409668*^9, 
  3.7212388910981784`*^9}, {3.721238933851102*^9, 3.721238950963324*^9}}]
}, Open  ]]
}, Open  ]],

Cell[BoxData[{
 RowBox[{
  RowBox[{"header", "=", 
   RowBox[{"{", 
    RowBox[{
    "\"\<Antwerpen\>\"", ",", "\"\<Gent\>\"", ",", "\"\<Brussel\>\"", ",", 
     "\"\<Brugge\>\""}], "}"}]}], ";"}], "\n", 
 RowBox[{
  RowBox[{"{", 
   RowBox[{
   "0", ",", "51.17", ",", "41.32", ",", "82.84", ",", "51.17", ",", "0", ",",
     "49.40", ",", "38.89", ",", "41.32", ",", "49.40", ",", "0", ",", 
    "88.12", ",", "82.84", ",", "38.89", ",", "88.12", ",", "0"}], "}"}], 
  ";"}], "\[IndentingNewLine]", 
 RowBox[{
  RowBox[{
   RowBox[{"matrix", " ", "=", " ", 
    RowBox[{"Partition", "[", 
     RowBox[{"%", ",", " ", 
      RowBox[{"Length", "[", "header", "]"}]}], "]"}]}], ";"}], 
  "\[IndentingNewLine]", "\[IndentingNewLine]", 
  "\[IndentingNewLine]"}], "\[IndentingNewLine]"}], "Input",
 CellChangeTimes->{{3.7210393222193823`*^9, 3.721039400305419*^9}, {
   3.7210395645950394`*^9, 3.7210395814915047`*^9}, {3.72103961342443*^9, 
   3.721039628009286*^9}, {3.7210396589063983`*^9, 3.7210397652481766`*^9}, {
   3.7210614691979437`*^9, 3.721061469572943*^9}, {3.72106150629967*^9, 
   3.7210615381654425`*^9}, {3.7210616052967205`*^9, 3.721061609968621*^9}, {
   3.72106166896925*^9, 3.721061867075607*^9}, {3.721061958249565*^9, 
   3.7210620392319946`*^9}, 3.7210621613595514`*^9, 3.7210622165317726`*^9, 
   3.721239089251436*^9},
 ExpressionUUID -> "e7e63fb7-b91b-4906-8043-ec4411925e30"]
},
WindowSize->{1350, 685},
WindowMargins->{{-8, Automatic}, {Automatic, 0}},
Magnification:>0.9 Inherited,
FrontEndVersion->"11.0 for Microsoft Windows (64-bit) (September 21, 2016)",
StyleDefinitions->"Default.nb"
]
(* End of Notebook Content *)

(* Internal cache information *)
(*CellTagsOutline
CellTagsIndex->{}
*)
(*CellTagsIndex
CellTagsIndex->{}
*)
(*NotebookFileOutline
Notebook[{
Cell[CellGroupData[{
Cell[580, 22, 28225, 463, 1738, "Input"],
Cell[CellGroupData[{
Cell[28830, 489, 538, 9, 20, "Print"],
Cell[29371, 500, 251, 3, 20, "Print"],
Cell[29625, 505, 244, 3, 20, "Print"]
}, Open  ]]
}, Open  ]],
Cell[29896, 512, 1400, 30, 136, "Input"]
}
]
*)

